AUC: 0.7378696207544417
Micro-F1: 0.554490592829251
Macro-F1: 0.4631429810128552
Binary-F1: 0.6845941191254084
