AUC: 0.7809963178804583
Micro-F1: 0.6180643348784942
Macro-F1: 0.5152968419058859
Binary-F1: 0.7384822544964894
