AUC: 0.6436094114142872
Micro-F1: 0.22623139601835535
Macro-F1: 0.21885343023648474
Binary-F1: 0.2947696515751475
