AUC: 0.7925303504224626
Micro-F1: 0.7198265413311068
Macro-F1: 0.6764866880257213
Binary-F1: 0.7948970739017273
